       N       E                     dE             d eps       ncg     rms          rms(c)
DAV:   1     0.184927033174E+02    0.18493E+02   -0.23464E+03 10008   0.246E+02
DAV:   2    -0.456600417728E+01   -0.23059E+02   -0.21792E+02 12824   0.568E+01
DAV:   3    -0.556431796641E+01   -0.99831E+00   -0.99288E+00 12312   0.105E+01
DAV:   4    -0.556885613554E+01   -0.45382E-02   -0.45376E-02 12140   0.825E-01
DAV:   5    -0.556887135039E+01   -0.15215E-04   -0.15215E-04 12132   0.474E-02
RMM:   6    -0.556887142598E+01   -0.75587E-07   -0.75657E-07  6271   0.352E-03
   1 F= -.55688714E+01 E0= -.55680101E+01  d E =-.172261E-02
